matrix0:
  - [-0.98237260909245006, 0.098723659160735333, -0.15873782166455194, 0.55737116062187897]
  - [0.18449551452590532, 0.64873889920770234, -0.73830836767207275, 1.0965071570125895]
  - [0.0300908960437134, -0.75458033354752496, -0.65551739732717473, 0.92353570786038985]
  - [0, 0, 0, 1]matrix1:
  - [-0.98656888072388516, 0.13178216494411291, -0.096515825592818724, 0.50032593481790788]
  - [0.15819150501313969, 0.62355806556267745, -0.76560485017625757, 1.1507134363663234]
  - [-0.040709843145097416, -0.77058990382328196, -0.63602980181492064, 0.91456268672638996]
  - [0, 0, 0, 1]matrix2:
  - [-0.99002313454421442, 0.11822590938071748, -0.076660468419849304, 0.49537088474839419]
  - [0.13301449654694852, 0.60465348850884693, -0.78530331881537552, 1.1783038331011588]
  - [-0.046490179345859195, -0.78766540687349229, -0.61434670182170392, 0.9214855191317326]
  - [0, 0, 0, 1]matrix3:
  - [-0.97932009446929169, 0.098129388571519288, -0.17692590445504824, 0.59121339864636957]
  - [0.1995393721179472, 0.61288610879871552, -0.76456174153324175, 1.0905602487459471]
  - [0.033409452905314913, -0.78405436083230129, -0.61979235854955383, 0.9120786401807699]
  - [0, 0, 0, 1]matrix4:
  - [-0.98044884739443228, 0.10195099230512783, -0.16830345454247003, 0.55390440475306224]
  - [0.19546151767079964, 0.60322114017374895, -0.77325225583719437, 1.1453511611981919]
  - [0.022690366959508906, -0.7910311316348313, -0.61135496729131189, 0.87647164947993517]
  - [0, 0, 0, 1]matrix5:
  - [-0.97851900190098173, 0.11443242579569399, -0.17148114428478778, 0.58736731429801725]
  - [0.20520001728922257, 0.62067037642143152, -0.75674383825531222, 1.1016728202692201]
  - [0.019837233254917541, -0.77567615907631982, -0.63081929299712935, 0.92192314207891146]
  - [0, 0, 0, 1]matrix0:
  - [-0.98237260909245006, 0.098723659160735333, -0.15873782166455194, 0.55737116062187897]
  - [0.18449551452590532, 0.64873889920770234, -0.73830836767207275, 1.0965071570125895]
  - [0.0300908960437134, -0.75458033354752496, -0.65551739732717473, 0.92353570786038985]
  - [0, 0, 0, 1]matrix1:
  - [-0.98656888072388516, 0.13178216494411291, -0.096515825592818724, 0.50032593481790788]
  - [0.15819150501313969, 0.62355806556267745, -0.76560485017625757, 1.1507134363663234]
  - [-0.040709843145097416, -0.77058990382328196, -0.63602980181492064, 0.91456268672638996]
  - [0, 0, 0, 1]matrix2:
  - [-0.99002313454421442, 0.11822590938071748, -0.076660468419849304, 0.49537088474839419]
  - [0.13301449654694852, 0.60465348850884693, -0.78530331881537552, 1.1783038331011588]
  - [-0.046490179345859195, -0.78766540687349229, -0.61434670182170392, 0.9214855191317326]
  - [0, 0, 0, 1]matrix3:
  - [-0.97932009446929169, 0.098129388571519288, -0.17692590445504824, 0.59121339864636957]
  - [0.1995393721179472, 0.61288610879871552, -0.76456174153324175, 1.0905602487459471]
  - [0.033409452905314913, -0.78405436083230129, -0.61979235854955383, 0.9120786401807699]
  - [0, 0, 0, 1]matrix4:
  - [-0.98044884739443228, 0.10195099230512783, -0.16830345454247003, 0.55390440475306224]
  - [0.19546151767079964, 0.60322114017374895, -0.77325225583719437, 1.1453511611981919]
  - [0.022690366959508906, -0.7910311316348313, -0.61135496729131189, 0.87647164947993517]
  - [0, 0, 0, 1]matrix5:
  - [-0.97851900190098173, 0.11443242579569399, -0.17148114428478778, 0.58736731429801725]
  - [0.20520001728922257, 0.62067037642143152, -0.75674383825531222, 1.1016728202692201]
  - [0.019837233254917541, -0.77567615907631982, -0.63081929299712935, 0.92192314207891146]
  - [0, 0, 0, 1]matrix0: [0.55737116062187897, 1.0965071570125895, 0.92353570786038985, 2.9559490688779051, -0.030095438922264926, -2.2860571921738901]matrix1: [0.50032593481790788, 1.1507134363663234, 0.91456268672638996, 2.9826009046208997, 0.040721096217788882, -2.2608226726761407]matrix2: [0.49537088474839419, 1.1783038331011588, 0.9214855191317326, 3.0080374962171943, 0.046506942477217608, -2.2331971121694387]matrix3: [0.59121339864636957, 1.0905602487459471, 0.9120786401807699, 2.9405910925255214, -0.033415671254012846, -2.2397156311113346]matrix4: [0.55390440475306224, 1.1453511611981919, 0.87647164947993517, 2.9448133040105775, -0.022692314443724774, -2.2287669605291915]matrix5: [0.58736731429801725, 1.1016728202692201, 0.92192314207891146, 2.934883319578713, -0.019838534529558936, -2.2535649901130976]matrix0: [0.55737116062187897, 1.0965071570125895, 0.92353570786038985, 2.9559490688779051, -0.030095438922264926, -2.2860571921738901]matrix1: [0.50032593481790788, 1.1507134363663234, 0.91456268672638996, 2.9826009046208997, 0.040721096217788882, -2.2608226726761407]matrix2: [0.49537088474839419, 1.1783038331011588, 0.9214855191317326, 3.0080374962171943, 0.046506942477217608, -2.2331971121694387]matrix3: [0.59121339864636957, 1.0905602487459471, 0.9120786401807699, 2.9405910925255214, -0.033415671254012846, -2.2397156311113346]matrix4: [0.55390440475306224, 1.1453511611981919, 0.87647164947993517, 2.9448133040105775, -0.022692314443724774, -2.2287669605291915]matrix5: [0.58736731429801725, 1.1016728202692201, 0.92192314207891146, 2.934883319578713, -0.019838534529558936, -2.2535649901130976]matrix0: [0.55737116062187897, 1.0965071570125895, 0.92353570786038985, 2.9559490688779051, -0.030095438922264926, -2.2860571921738901]matrix1: [0.50032593481790788, 1.1507134363663234, 0.91456268672638996, 2.9826009046208997, 0.040721096217788882, -2.2608226726761407]matrix2: [0.49537088474839419, 1.1783038331011588, 0.9214855191317326, 3.0080374962171943, 0.046506942477217608, -2.2331971121694387]matrix3: [0.59121339864636957, 1.0905602487459471, 0.9120786401807699, 2.9405910925255214, -0.033415671254012846, -2.2397156311113346]matrix4: [0.55390440475306224, 1.1453511611981919, 0.87647164947993517, 2.9448133040105775, -0.022692314443724774, -2.2287669605291915]matrix5: [0.58736731429801725, 1.1016728202692201, 0.92192314207891146, 2.934883319578713, -0.019838534529558936, -2.2535649901130976]matrix0: [0.55737116062187897, 1.0965071570125895, 0.92353570786038985, 2.9559490688779051, -0.030095438922264926, -2.2860571921738901]matrix1: [0.50032593481790788, 1.1507134363663234, 0.91456268672638996, 2.9826009046208997, 0.040721096217788882, -2.2608226726761407]matrix2: [0.49537088474839419, 1.1783038331011588, 0.9214855191317326, 3.0080374962171943, 0.046506942477217608, -2.2331971121694387]matrix3: [0.59121339864636957, 1.0905602487459471, 0.9120786401807699, 2.9405910925255214, -0.033415671254012846, -2.2397156311113346]matrix4: [0.55390440475306224, 1.1453511611981919, 0.87647164947993517, 2.9448133040105775, -0.022692314443724774, -2.2287669605291915]matrix5: [0.58736731429801725, 1.1016728202692201, 0.92192314207891146, 2.934883319578713, -0.019838534529558936, -2.2535649901130976]