matrix0:
  - [0.93304118271232717, 0.11923852566835222, -0.33943530364300545, 0.49008129297345771]
  - [0.33051471220717182, -0.65675943764959266, 0.67781049421855433, -1.055992014054103]
  - [-0.14210621512584154, -0.74461346687702878, -0.6521936894573418, 0.958759443986819]
  - [0, 0, 0, 1]matrix1:
  - [0.93961892819274739, 0.095582497634922825, -0.32860349348079504, 0.47119200184488008]
  - [0.3072129468083159, -0.65866176408700561, 0.68686598827074352, -1.0850861651787622]
  - [-0.15078619000181603, -0.74634353127475039, -0.64825524157469971, 0.98662725691533359]
  - [0, 0, 0, 1]matrix2:
  - [0.95745096987222444, 0.12319855180769823, -0.26097846103313294, 0.39919867291952971]
  - [0.2811108677329659, -0.60274523526637647, 0.74677631283142543, -1.1269072479257847]
  - [-0.065301763629748405, -0.78836558663869005, -0.61173146189376126, 0.90893080422749173]
  - [0, 0, 0, 1]matrix3:
  - [0.93999369220091389, 0.023526389308579782, -0.34037974033216839, 0.43920053539958037]
  - [0.30225315855218987, -0.52023938643555834, 0.79874527162692999, -1.1529506312353253]
  - [-0.15828735504681976, -0.85369636862719189, -0.49613266716174531, 0.72446294569814296]
  - [0, 0, 0, 1]matrix4:
  - [0.9425283294317679, 0.14476998785114828, -0.30113451950272846, 0.43740936289452337]
  - [0.32163446731055229, -0.63724194666023071, 0.70033846878101502, -1.0681811871032623]
  - [-0.090507555797392725, -0.75694408778605193, -0.64718160535457403, 0.95748830765041504]
  - [0, 0, 0, 1]matrix5:
  - [0.95719679595828, 0.13647259363093572, -0.25524404987158522, 0.39387795979994911]
  - [0.28231801506097209, -0.63462040187545399, 0.71941190141355738, -1.1290639382227856]
  - [-0.063803073430952595, -0.76067876052318084, -0.64598528706904912, 0.97161816991523264]
  - [0, 0, 0, 1]matrix6:
  - [0.942235190838139, 0.12504619065086606, -0.3107350887008471, 0.454601093868781]
  - [0.3183483318195276, -0.62278243829370694, 0.71470019881113034, -1.1190527398331662]
  - [-0.10414981888577624, -0.77233767534456876, -0.62661577579040229, 0.92501534686093767]
  - [0, 0, 0, 1]matrix7:
  - [0.95256938855012729, 0.1758773532720781, -0.24835200140776947, 0.37345002520947185]
  - [0.30160110756968056, -0.65447404594198944, 0.69332567751458929, -1.0737702362069359]
  - [-0.040599654062297222, -0.73534405538790526, -0.67647674630817156, 0.98480901734570137]
  - [0, 0, 0, 1]matrix8:
  - [0.94445536717277556, 0.079907143111213691, -0.31877720730682979, 0.46923045494497539]
  - [0.30741448750590777, -0.55775018020556333, 0.77098058947819292, -1.1535325359186896]
  - [-0.11619118852140864, -0.82615348753150331, -0.55133476468432208, 0.85120573905590413]
  - [0, 0, 0, 1]matrix9:
  - [0.96288775567140117, 0.15089131390495963, -0.22378333576503701, 0.34367443405021608]
  - [0.2672519537580188, -0.64893098701557483, 0.71236575388175016, -1.1077166725298426]
  - [-0.037730136371528868, -0.74573479567405654, -0.66517370011926868, 0.99144854301670005]
  - [0, 0, 0, 1]