matrix0:
  - [0.94578048138257265, 0.17052053191227329, -0.27644534583187519, 0.42099036066647622]
  - [0.32206748822899023, -0.60263750495809287, 0.73013736422933062, -1.1117867842337836]
  - [-0.042092921751987714, -0.77958372598088532, -0.62488190894291462, 0.89829331552875291]
  - [0, 0, 0, 1]

matrix1:
  - [0.94851131229003194, 0.15283920022654551, -0.27742831386134981, 0.41547947331303758]
  - [0.31057206033172513, -0.62082467184074064, 0.71980672556954062, -1.1125599733096085]
  - [-0.062219657658565269, -0.76890630489543177, -0.6363268095035004, 0.93036709250008687]
  - [0, 0, 0, 1]

matrix2:
  - [0.95383936840349659, 0.18157970757633396, -0.2392054955056678, 0.37355847522595287]
  - [0.29925286097150527, -0.64167367443102352, 0.70618879964394632, -1.0909089169374533]
  - [-0.025262313512185511, -0.74517360751618278, -0.66639185932702538, 0.94971132990044782]
  - [0, 0, 0, 1]

matrix3:
  - [0.94538212675261601, 0.16128370707846607, -0.28326701228298462, 0.42526553521520333]
  - [0.31583531415489335, -0.66817949953699196, 0.67363507237314713, -1.0824698778745923]
  - [-0.080626848812171595, -0.72630828318939267, -0.68262404661797316, 0.97981761925990685]
  - [0, 0, 0, 1]

matrix4:
  - [0.94664116757787098, 0.16849046157075159, -0.27473890188045902, 0.4119363984907729]
  - [0.31729383062799493, -0.63673617194604049, 0.70277426843967183, -1.0961107066693137]
  - [-0.056525435798574553, -0.75244801261959438, -0.65622165722612635, 0.96610978519503543]
  - [0, 0, 0, 1]

matrix5:
  - [0.94430202489741966, 0.17265852219249361, -0.28014767621548675, 0.40392904683998082]
  - [0.32167624476346707, -0.66386502178922402, 0.67513526526146339, -1.0399468026763188]
  - [-0.069412385994913256, -0.72764845053026583, -0.68242922937942474, 1.0158248306037234]
  - [0, 0, 0, 1]

matrix6:
  - [0.93453708925124479, 0.17913886144180571, -0.30748934475058448, 0.42915753827646841]
  - [0.34610482322799208, -0.65851667044544426, 0.66825687133299672, -1.0115476721211933]
  - [-0.082776084421350107, -0.73093437671707495, -0.67740907639408698, 0.98835648649287078]
  - [0, 0, 0, 1]

matrix7:
  - [0.94449022897256041, 0.13542528995097161, -0.29932958125961401, 0.43578015752741822]
  - [0.31059385697624547, -0.66505228389347881, 0.67914425249477528, -1.0520694270218607]
  - [-0.10709651434094426, -0.7344150396946969, -0.67019764703127449, 1.0021535986343764]
  - [0, 0, 0, 1]

matrix8:
  - [0.93488014814749509, 0.14268188816666671, -0.32502459505230086, 0.48542825151962937]
  - [0.34447243673460409, -0.58564977786514472, 0.73372547864758686, -1.1040580996152625]
  - [-0.085661245203659531, -0.79790739843399194, -0.59666232878777981, 0.87494042466573474]
  - [0, 0, 0, 1]

matrix9:
  - [0.9479642583688187, 0.13623444417474703, -0.28775673940961538, 0.4414152229595536]
  - [0.30742333106912656, -0.62671816026736193, 0.71604136968855059, -1.0961770379922915]
  - [-0.082792876321684528, -0.76724476134509456, -0.63598806263867214, 0.93638992384077868]
  - [0, 0, 0, 1]