matrix0: [0.48081085480916275, -1.0293602931031833, 1.0006327193249576, 2.0402150492680104, 0.7384094402002811, 0.18780802338411459]
matrix1: [0.46972026300937691, -1.0263001093196185, 0.97670428036070811, 2.029350355910239, 0.73087241723217011, 0.17238994431756827]
matrix2: [0.40132952308523673, -1.0796750724855542, 0.91848222500027821, 1.9236930210793022, 0.69025870293625591, 0.072838191914623193]
matrix3: [0.47507332202284619, -1.070625578694453, 0.88356282652816942, 2.0016905949922124, 0.66252104048938509, 0.14925432253069548]matrix4: [0.43453698007509889, -1.1004228465073349, 0.89034338459738982, 1.9494883085581296, 0.65880295313631398, 0.090913322407550845]matrix5: [0.44453289762325982, -1.042058460201253, 0.95401130574004156, 1.9809706001562164, 0.72372786584418969, 0.098340141543151779]matrix6: [0.45867642616588589, -1.0680657185882931, 0.88729718346193653, 1.9914682991214039, 0.66240271816668383, 0.13022688200434585]matrix7: [0.49345115003107687, -1.0505929609366358, 0.93464503908882446, 2.0382627259952044, 0.68857367505700984, 0.18793597719868937]matrix8: [0.51401257601349171, -1.0444084553847099, 0.93586485939615915, 2.0654870457956567, 0.68929058312155544, 0.1817091903633149]matrix9: [0.45740607725151022, -1.0160114187582721, 0.97069512277684156, 2.01891151834963, 0.73165770086132909, 0.1715613968789127]matrix10: [0.50022716560010005, -1.0471375758819228, 0.92868974886824607, 2.0457397148600327, 0.69413948922418844, 0.15834829321949873]matrix11: [0.39286323945371548, -1.0012274972760526, 1.0024449908354824, 1.9605889758286217, 0.77326797772193356, 0.10945282439976334]matrix12: [0.50696041232227995, -1.0115696198749025, 0.96505648288694867, 2.0667404539127077, 0.71930198028250558, 0.20581876280563205]matrix13: [0.50384473408091257, -1.0273594503943058, 0.96865678872303618, 2.0615331798267476, 0.71682401824495301, 0.19756110637846191]matrix14: [0.46498593090519502, -1.0158163761238719, 0.99703480203042849, 2.0297316060995807, 0.74347645871478785, 0.17947609211013046]matrix15: [0.42352126072127916, -0.99989614879953581, 1.004293765413057, 1.996279587954465, 0.77931596300374639, 0.17083357032364438]